5.180000e-02 1.123662e+03
6.110000e-02 1.323069e+03
7.200000e-02 1.556373e+03
8.480000e-02 1.829867e+03
1.000000e-01 2.154073e+03
1.179000e-01 2.535198e+03
1.390000e-01 2.983669e+03
1.638000e-01 3.508119e+03
1.931000e-01 4.125142e+03
2.276000e-01 4.847364e+03
2.683000e-01 5.692687e+03
3.162000e-01 6.679197e+03
3.728000e-01 7.831000e+03
4.394000e-01 9.166445e+03
5.180000e-01 1.072197e+04
6.105000e-01 1.251534e+04
7.197000e-01 1.457426e+04
8.483000e-01 1.694955e+04
1.000000e+00 1.963247e+04
1.178800e+00 2.263952e+04
1.229300e+00 2.343065e+04
1.389500e+00 2.589654e+04
1.637900e+00 2.948088e+04
1.930700e+00 3.317698e+04
2.186000e+00 3.607447e+04
2.275900e+00 3.697527e+04
2.682700e+00 4.073266e+04
2.915100e+00 4.267011e+04
3.162300e+00 4.440942e+04
3.727600e+00 4.797407e+04
3.887300e+00 4.884615e+04
4.394000e+00 5.123984e+04
5.179500e+00 5.414248e+04
6.105400e+00 5.660399e+04
6.449700e+00 5.732133e+04
6.912800e+00 5.806676e+04
7.196900e+00 5.856907e+04
8.483400e+00 5.999805e+04
8.600800e+00 6.009189e+04
9.218300e+00 6.060273e+04
1.000000e+01 6.105566e+04
1.146900e+01 6.171580e+04
1.178800e+01 6.185942e+04
1.229300e+01 6.207551e+04
1.389500e+01 6.257334e+04
1.529500e+01 6.299416e+04
1.637900e+01 6.330822e+04
1.793000e+01 6.381307e+04
1.930700e+01 6.424615e+04
2.039600e+01 6.459127e+04
2.186000e+01 6.507523e+04
2.257200e+01 6.534362e+04
2.275900e+01 6.542113e+04
2.682700e+01 6.699071e+04
2.719800e+01 6.714370e+04
2.841700e+01 6.763397e+04
2.915100e+01 6.794201e+04
3.162300e+01 6.901012e+04
3.577500e+01 7.080351e+04
3.626900e+01 7.102750e+04
3.727600e+01 7.147521e+04
3.887300e+01 7.216741e+04
4.394000e+01 7.442313e+04
4.503700e+01 7.495119e+04
4.836600e+01 7.648208e+04
5.179500e+01 7.811505e+04
5.185600e+01 7.809135e+04
5.669900e+01 8.034548e+04
6.105400e+01 8.245146e+04
6.449700e+01 8.408342e+04
6.912800e+01 8.628437e+04
6.915100e+01 8.631702e+04
7.137900e+01 8.736210e+04
7.196900e+01 8.758766e+04
8.483400e+01 9.364104e+04
8.600800e+01 9.418540e+04
8.986100e+01 9.599243e+04
9.218300e+01 9.705807e+04
1.000000e+02 1.006629e+05
1.131300e+02 1.065778e+05
1.146900e+02 1.072605e+05
1.229300e+02 1.109181e+05
1.424200e+02 1.192584e+05
1.529500e+02 1.236234e+05
1.639300e+02 1.280667e+05
1.792700e+02 1.342048e+05
2.039600e+02 1.436759e+05
2.186000e+02 1.490993e+05
2.257200e+02 1.516624e+05
2.390600e+02 1.564380e+05
2.719800e+02 1.676652e+05
2.841700e+02 1.716150e+05
2.915100e+02 1.739575e+05
3.187900e+02 1.823601e+05
3.577500e+02 1.935883e+05
3.626900e+02 1.948781e+05
3.887300e+02 2.018233e+05
4.251200e+02 2.108679e+05
4.503700e+02 2.167648e+05
4.836600e+02 2.240195e+05
5.183900e+02 2.310469e+05
5.185600e+02 2.310531e+05
5.669100e+02 2.400102e+05
6.449700e+02 2.527565e+05
6.915100e+02 2.594740e+05
7.137900e+02 2.623065e+05
7.559800e+02 2.674111e+05
7.949800e+02 2.717794e+05
8.600800e+02 2.784141e+05
8.986100e+02 2.819158e+05
9.221400e+02 2.837886e+05
1.008100e+03 2.897257e+05
1.060100e+03 2.929306e+05
1.131300e+03 2.965849e+05
1.146900e+03 2.973134e+05
1.229700e+03 3.002631e+05
1.344300e+03 3.034912e+05
1.413700e+03 3.051912e+05
1.424200e+03 3.054680e+05
1.529500e+03 3.069106e+05
1.639800e+03 3.076306e+05
1.792700e+03 3.079659e+05
1.885200e+03 3.075570e+05
2.039600e+03 3.064327e+05
2.186700e+03 3.048978e+05
2.257200e+03 3.040610e+05
2.390600e+03 3.022198e+05
2.514000e+03 3.006200e+05
2.719800e+03 2.976120e+05
2.841700e+03 2.957477e+05
2.916100e+03 2.946228e+05
3.187900e+03 2.905867e+05
3.352400e+03 2.883166e+05
3.577500e+03 2.851424e+05
3.888600e+03 2.810069e+05
4.251200e+03 2.766174e+05
4.470500e+03 2.741648e+05
4.503700e+03 2.738083e+05
5.185600e+03 2.670480e+05
5.669100e+03 2.629685e+05
5.961500e+03 2.607492e+05
6.915100e+03 2.545493e+05
7.138000e+03 2.532882e+05
7.559800e+03 2.511256e+05
7.949800e+03 2.493318e+05
9.221400e+03 2.442031e+05
1.008100e+04 2.413105e+05
1.060100e+04 2.397995e+05
1.229700e+04 2.354853e+05
1.344300e+04 2.329903e+05
1.413700e+04 2.316862e+05
1.580500e+04 2.289091e+05
1.639800e+04 2.280073e+05
1.792700e+04 2.258861e+05
1.885200e+04 2.247881e+05
2.107600e+04 2.224862e+05
2.186700e+04 2.217478e+05
2.390600e+04 2.200670e+05
2.514000e+04 2.192362e+05
2.810500e+04 2.174627e+05
3.187900e+04 2.156163e+05
3.352400e+04 2.150703e+05
3.747800e+04 2.139480e+05
4.251200e+04 2.128374e+05
4.470500e+04 2.126720e+05
4.997800e+04 2.123899e+05
5.669100e+04 2.123007e+05
5.961500e+04 2.126263e+05
6.664700e+04 2.135864e+05
7.559800e+04 2.151572e+05
7.949800e+04 2.160044e+05
8.887500e+04 2.186028e+05
1.010000e+05 2.221367e+05
1.060000e+05 2.235500e+05
1.190000e+05 2.277212e+05
1.340000e+05 2.328698e+05
1.410000e+05 2.352095e+05
1.580000e+05 2.409582e+05
1.790000e+05 2.482857e+05
1.890000e+05 2.517288e+05
2.110000e+05 2.591972e+05
2.390000e+05 2.688789e+05
2.510000e+05 2.733177e+05
2.810000e+05 2.835903e+05
3.180000e+05 2.965929e+05
3.190000e+05 2.972453e+05
3.350000e+05 3.025981e+05
3.750000e+05 3.168598e+05
4.240000e+05 3.344303e+05
4.250000e+05 3.343036e+05
5.000000e+05 3.607320e+05
5.650000e+05 3.832062e+05
5.670000e+05 3.838920e+05
6.660000e+05 4.169519e+05
7.540000e+05 4.454812e+05
7.560000e+05 4.458432e+05
8.890000e+05 4.873310e+05
1.010000e+06 5.237337e+05
1.190000e+06 5.758199e+05
1.340000e+06 6.169249e+05
1.580000e+06 6.802234e+05
1.790000e+06 7.331168e+05
2.110000e+06 8.097802e+05
2.380000e+06 8.716688e+05
2.810000e+06 9.657092e+05
3.180000e+06 1.043056e+06
3.750000e+06 1.157268e+06
4.240000e+06 1.251808e+06
5.000000e+06 1.392281e+06
5.650000e+06 1.507756e+06
6.660000e+06 1.679560e+06
7.540000e+06 1.822719e+06
1.010000e+07 2.217098e+06
1.340000e+07 2.684499e+06
1.790000e+07 3.269754e+06
2.380000e+07 3.974483e+06
3.180000e+07 4.853074e+06
4.240000e+07 5.917320e+06
5.650000e+07 7.212015e+06
7.540000e+07 8.798923e+06
1.010000e+08 1.076276e+07
1.340000e+08 1.307815e+07
