6.04E+02	9.19E+05	1.04E+05
5.19E+02	9.04E+05	1.27E+05
4.49E+02	8.98E+05	1.34E+05
3.88E+02	8.81E+05	1.40E+05
3.34E+02	8.65E+05	1.47E+05
2.88E+02	8.50E+05	1.73E+05
2.48E+02	8.33E+05	1.96E+05
2.14E+02	8.23E+05	1.55E+05
1.85E+02	8.11E+05	1.72E+05
1.59E+02	7.93E+05	1.68E+05
1.38E+02	7.77E+05	1.75E+05
1.19E+02	7.63E+05	1.73E+05
1.03E+02	7.48E+05	1.80E+05
8.84E+01	7.31E+05	1.87E+05
7.62E+01	7.15E+05	1.99E+05
6.58E+01	6.97E+05	2.07E+05
5.67E+01	6.80E+05	2.04E+05
4.90E+01	6.61E+05	2.12E+05
4.22E+01	6.42E+05	2.23E+05
3.64E+01	6.21E+05	2.31E+05
3.14E+01	5.99E+05	2.41E+05
2.71E+01	5.79E+05	2.45E+05
2.34E+01	5.55E+05	2.55E+05
2.02E+01	5.29E+05	2.65E+05
1.74E+01	5.01E+05	2.73E+05
1.50E+01	4.71E+05	2.82E+05
1.30E+01	4.39E+05	2.89E+05
1.12E+01	4.05E+05	2.95E+05
9.67E+00	3.69E+05	2.97E+05
8.34E+00	3.33E+05	2.97E+05
7.20E+00	2.96E+05	2.93E+05
6.21E+00	2.60E+05	2.85E+05
5.36E+00	2.26E+05	2.74E+05
4.62E+00	1.94E+05	2.60E+05
3.99E+00	1.65E+05	2.44E+05
3.44E+00	1.39E+05	2.27E+05
2.97E+00	1.19E+05	2.10E+05
2.56E+00	9.95E+04	1.91E+05
2.21E+00	8.32E+04	1.72E+05
1.91E+00	6.92E+04	1.55E+05
1.65E+00	5.77E+04	1.38E+05
1.42E+00	4.82E+04	1.23E+05
1.23E+00	4.05E+04	1.10E+05
1.06E+00	3.42E+04	9.76E+04
9.13E-01	2.90E+04	8.65E+04
7.88E-01	2.47E+04	7.67E+04
6.80E-01	2.12E+04	6.79E+04
5.87E-01	1.83E+04	6.01E+04
5.06E-01	1.58E+04	5.32E+04
4.37E-01	1.37E+04	4.70E+04
3.77E-01	1.20E+04	4.16E+04
3.25E-01	1.05E+04	3.68E+04
2.81E-01	9.17E+03	3.26E+04
2.42E-01	8.05E+03	2.89E+04
2.09E-01	7.07E+03	2.56E+04
1.80E-01	6.22E+03	2.27E+04
1.56E-01	5.46E+03	2.01E+04
1.34E-01	4.78E+03	1.79E+04
1.16E-01	4.17E+03	1.59E+04
1.00E-01	3.62E+03	1.41E+04
8.89E-02	3.21E+03	1.28E+04
7.90E-02	2.83E+03	1.17E+04
7.02E-02	2.49E+03	1.06E+04
6.24E-02	2.18E+03	9.63E+03
5.54E-02	1.90E+03	8.74E+03
4.92E-02	1.64E+03	7.93E+03
4.38E-02	1.41E+03	7.18E+03
3.89E-02	1.20E+03	6.50E+03
3.46E-02	1.02E+03	5.87E+03
3.07E-02	8.67E+02	5.30E+03
2.73E-02	7.30E+02	4.77E+03
2.42E-02	6.12E+02	4.29E+03
2.15E-02	5.12E+02	3.86E+03
1.91E-02	4.27E+02	3.47E+03
1.70E-02	3.56E+02	3.11E+03
1.51E-02	2.96E+02	2.79E+03
1.34E-02	2.46E+02	2.50E+03
1.19E-02	2.04E+02	2.24E+03
1.06E-02	1.69E+02	2.00E+03
9.43E-03	1.39E+02	1.79E+03
8.38E-03	1.15E+02	1.60E+03
7.44E-03	9.49E+01	1.43E+03
6.61E-03	7.82E+01	1.28E+03
5.88E-03	6.42E+01	1.14E+03
5.22E-03	5.25E+01	1.02E+03
4.64E-03	4.30E+01	9.11E+02
4.12E-03	3.53E+01	8.14E+02
3.67E-03	2.91E+01	7.26E+02
3.26E-03	2.35E+01	6.48E+02
2.89E-03	1.92E+01	5.78E+02
2.57E-03	1.55E+01	5.16E+02
2.29E-03	1.29E+01	4.59E+02
2.03E-03	1.05E+01	4.10E+02
1.80E-03	8.58E+00	3.65E+02
1.60E-03	7.07E+00	3.24E+02
1.43E-03	5.89E+00	2.89E+02
1.27E-03	5.08E+00	2.57E+02
1.13E-03	4.01E+00	2.28E+02
1.00E-03	3.47E+00	2.03E+02

