3.88E+02	9.09E+05	1.60E+05
3.34E+02	9.10E+05	1.79E+05
2.88E+02	9.09E+05	1.97E+05
2.48E+02	8.95E+05	2.21E+05
2.14E+02	8.93E+05	1.77E+05
1.85E+02	8.80E+05	1.84E+05
1.59E+02	8.65E+05	2.10E+05
1.38E+02	8.56E+05	2.03E+05
1.19E+02	8.35E+05	1.98E+05
1.03E+02	8.18E+05	2.05E+05
8.84E+01	7.98E+05	2.13E+05
7.62E+01	7.78E+05	2.21E+05
6.58E+01	7.58E+05	2.36E+05
5.67E+01	7.37E+05	2.33E+05
4.90E+01	7.14E+05	2.42E+05
4.22E+01	6.91E+05	2.54E+05
3.64E+01	6.66E+05	2.60E+05
3.14E+01	6.39E+05	2.74E+05
2.71E+01	6.13E+05	2.78E+05
2.34E+01	5.84E+05	2.89E+05
2.02E+01	5.52E+05	2.98E+05
1.74E+01	5.18E+05	3.09E+05
1.50E+01	4.83E+05	3.16E+05
1.30E+01	4.44E+05	3.22E+05
1.12E+01	4.03E+05	3.26E+05
9.67E+00	3.62E+05	3.25E+05
8.34E+00	3.20E+05	3.22E+05
7.20E+00	2.78E+05	3.14E+05
6.21E+00	2.37E+05	3.01E+05
5.36E+00	2.01E+05	2.85E+05
4.62E+00	1.67E+05	2.67E+05
3.99E+00	1.37E+05	2.47E+05
3.44E+00	1.11E+05	2.26E+05
2.97E+00	8.89E+04	2.05E+05
2.56E+00	7.08E+04	1.84E+05
2.21E+00	5.60E+04	1.64E+05
1.91E+00	4.41E+04	1.45E+05
1.65E+00	3.47E+04	1.28E+05
1.42E+00	2.72E+04	1.12E+05
1.23E+00	2.14E+04	9.84E+04
1.06E+00	1.68E+04	8.60E+04
9.13E-01	1.32E+04	7.50E+04
7.88E-01	1.04E+04	6.54E+04
6.80E-01	8.25E+03	5.69E+04
5.87E-01	6.53E+03	4.95E+04
5.06E-01	5.20E+03	4.30E+04
4.37E-01	4.15E+03	3.74E+04
3.77E-01	3.33E+03	3.25E+04
3.25E-01	2.68E+03	2.82E+04
2.81E-01	2.17E+03	2.45E+04
2.42E-01	1.76E+03	2.12E+04
2.09E-01	1.43E+03	1.84E+04
1.80E-01	1.16E+03	1.60E+04
1.56E-01	9.47E+02	1.39E+04
1.34E-01	7.71E+02	1.21E+04
1.16E-01	6.24E+02	1.05E+04
1.00E-01	5.03E+02	9.07E+03
8.73E-02	4.25E+02	7.95E+03
7.63E-02	3.46E+02	6.98E+03
6.66E-02	2.79E+02	6.12E+03
5.82E-02	2.23E+02	5.36E+03
5.08E-02	1.77E+02	4.70E+03
4.44E-02	1.40E+02	4.11E+03
3.87E-02	1.10E+02	3.60E+03
3.38E-02	8.55E+01	3.15E+03
2.96E-02	6.63E+01	2.76E+03
2.58E-02	5.10E+01	2.41E+03
2.25E-02	3.92E+01	2.11E+03
1.97E-02	2.99E+01	1.84E+03
1.72E-02	2.28E+01	1.61E+03
1.50E-02	1.72E+01	1.41E+03
1.31E-02	1.30E+01	1.23E+03
1.15E-02	9.74E+00	1.07E+03
1.00E-02	7.37E+00	9.38E+02

