1.00E+02	9.54E+05	1.94E+05
8.48E+01	9.32E+05	1.97E+05
7.20E+01	9.11E+05	1.99E+05
6.11E+01	8.90E+05	2.01E+05
5.18E+01	8.68E+05	2.03E+05
4.39E+01	8.47E+05	2.05E+05
3.73E+01	8.25E+05	2.07E+05
3.16E+01	8.03E+05	2.09E+05
2.68E+01	7.81E+05	2.11E+05
2.28E+01	7.59E+05	2.12E+05
1.93E+01	7.36E+05	2.15E+05
1.64E+01	7.13E+05	2.17E+05
1.39E+01	6.89E+05	2.19E+05
1.18E+01	6.65E+05	2.21E+05
1.00E+01	6.39E+05	2.23E+05
8.48E+00	6.14E+05	2.23E+05
7.20E+00	5.87E+05	2.23E+05
6.11E+00	5.60E+05	2.21E+05
5.18E+00	5.33E+05	2.17E+05
4.39E+00	5.07E+05	2.11E+05
3.73E+00	4.81E+05	2.04E+05
3.16E+00	4.58E+05	1.96E+05
2.68E+00	4.36E+05	1.87E+05
2.28E+00	4.16E+05	1.78E+05
1.93E+00	3.98E+05	1.68E+05
1.64E+00	3.81E+05	1.59E+05
1.39E+00	3.66E+05	1.50E+05
1.18E+00	3.52E+05	1.42E+05
1.00E+00	3.39E+05	1.35E+05
8.48E-01	3.26E+05	1.28E+05
7.20E-01	3.15E+05	1.22E+05
6.11E-01	3.04E+05	1.16E+05
5.18E-01	2.93E+05	1.10E+05
4.39E-01	2.83E+05	1.06E+05
3.73E-01	2.74E+05	1.01E+05
3.16E-01	2.64E+05	9.69E+04
2.68E-01	2.55E+05	9.33E+04
2.28E-01	2.47E+05	8.99E+04
1.93E-01	2.38E+05	8.68E+04
1.64E-01	2.30E+05	8.39E+04
1.39E-01	2.22E+05	8.13E+04
1.18E-01	2.14E+05	7.89E+04
1.00E-01	2.06E+05	7.66E+04
9.29E-02	2.06E+05	7.87E+04
7.74E-02	1.98E+05	7.60E+04
6.45E-02	1.90E+05	7.37E+04
5.38E-02	1.82E+05	7.15E+04
4.48E-02	1.74E+05	6.95E+04
3.73E-02	1.67E+05	6.75E+04
3.11E-02	1.59E+05	6.56E+04
2.59E-02	1.52E+05	6.38E+04
2.16E-02	1.45E+05	6.22E+04
1.80E-02	1.38E+05	6.07E+04
1.50E-02	1.31E+05	5.94E+04
1.25E-02	1.25E+05	5.80E+04
1.04E-02	1.18E+05	5.65E+04
8.68E-03	1.12E+05	5.50E+04
7.23E-03	1.05E+05	5.35E+04
6.03E-03	9.93E+04	5.21E+04
5.02E-03	9.34E+04	5.07E+04
4.19E-03	8.76E+04	4.94E+04
3.49E-03	8.19E+04	4.80E+04
2.91E-03	7.63E+04	4.66E+04
2.42E-03	7.09E+04	4.51E+04
2.02E-03	6.58E+04	4.36E+04
1.68E-03	6.08E+04	4.22E+04
1.40E-03	5.60E+04	4.08E+04
1.17E-03	5.12E+04	3.93E+04
9.74E-04	4.66E+04	3.79E+04
8.11E-04	4.21E+04	3.63E+04
6.76E-04	3.79E+04	3.46E+04
5.63E-04	3.38E+04	3.29E+04
4.70E-04	3.01E+04	3.12E+04
3.91E-04	2.65E+04	2.94E+04
3.26E-04	2.31E+04	2.77E+04
2.72E-04	1.99E+04	2.59E+04
2.26E-04	1.69E+04	2.40E+04
1.89E-04	1.41E+04	2.20E+04
1.57E-04	1.17E+04	2.01E+04
1.31E-04	9.62E+03	1.81E+04
1.09E-04	7.82E+03	1.62E+04
9.10E-05	6.29E+03	1.44E+04
7.58E-05	5.00E+03	1.28E+04
6.32E-05	3.90E+03	1.12E+04
5.27E-05	2.99E+03	9.79E+03
4.39E-05	2.25E+03	8.48E+03
3.66E-05	1.67E+03	7.28E+03
3.05E-05	1.22E+03	6.22E+03
2.54E-05	8.75E+02	5.27E+03
2.12E-05	6.24E+02	4.45E+03
1.76E-05	4.42E+02	3.75E+03
1.47E-05	3.11E+02	3.14E+03
1.22E-05	2.18E+02	2.63E+03
1.02E-05	1.53E+02	2.20E+03
8.51E-06	1.07E+02	1.84E+03
7.09E-06	7.43E+01	1.54E+03
5.91E-06	5.18E+01	1.28E+03
4.92E-06	3.60E+01	1.07E+03
4.10E-06	2.50E+01	8.91E+02
3.42E-06	1.74E+01	7.43E+02
2.85E-06	1.21E+01	6.19E+02
2.37E-06	8.40E+00	5.16E+02

