3.51E+02	8.84E+05	1.42E+05
3.08E+02	8.70E+05	1.67E+05
2.69E+02	8.55E+05	1.90E+05
2.34E+02	8.45E+05	1.47E+05
2.06E+02	8.32E+05	1.53E+05
1.79E+02	8.23E+05	1.61E+05
1.57E+02	8.06E+05	1.71E+05
1.37E+02	7.90E+05	1.70E+05
1.20E+02	7.79E+05	1.67E+05
1.05E+02	7.64E+05	1.73E+05
8.00E+01	7.35E+05	1.84E+05
6.99E+01	7.20E+05	1.96E+05
6.12E+01	7.05E+05	1.91E+05
5.34E+01	6.88E+05	1.98E+05
4.67E+01	6.72E+05	2.06E+05
4.08E+01	6.55E+05	2.10E+05
3.57E+01	6.38E+05	2.18E+05
3.12E+01	6.20E+05	2.25E+05
2.73E+01	6.01E+05	2.31E+05
2.38E+01	5.81E+05	2.37E+05
2.08E+01	5.60E+05	2.46E+05
1.82E+01	5.37E+05	2.53E+05
1.59E+01	5.13E+05	2.62E+05
1.39E+01	4.87E+05	2.69E+05
1.22E+01	4.59E+05	2.75E+05
1.06E+01	4.31E+05	2.79E+05
9.31E+00	4.01E+05	2.81E+05
8.14E+00	3.69E+05	2.82E+05
7.11E+00	3.38E+05	2.80E+05
6.22E+00	3.07E+05	2.76E+05
5.44E+00	2.76E+05	2.69E+05
4.75E+00	2.48E+05	2.59E+05
4.16E+00	2.20E+05	2.48E+05
3.63E+00	1.95E+05	2.35E+05
3.18E+00	1.73E+05	2.21E+05
2.78E+00	1.56E+05	2.07E+05
2.43E+00	1.37E+05	1.92E+05
2.12E+00	1.22E+05	1.77E+05
1.86E+00	1.08E+05	1.62E+05
1.62E+00	9.58E+04	1.49E+05
1.42E+00	8.55E+04	1.36E+05
1.24E+00	7.65E+04	1.24E+05
1.08E+00	6.88E+04	1.13E+05
9.48E-01	6.21E+04	1.03E+05
8.28E-01	5.62E+04	9.44E+04
7.24E-01	5.10E+04	8.60E+04
6.33E-01	4.65E+04	7.84E+04
5.54E-01	4.25E+04	7.14E+04
4.84E-01	3.91E+04	6.51E+04
4.23E-01	3.58E+04	5.94E+04
3.70E-01	3.29E+04	5.43E+04
3.23E-01	3.03E+04	4.96E+04
2.83E-01	2.79E+04	4.54E+04
2.47E-01	2.56E+04	4.16E+04
2.16E-01	2.36E+04	3.82E+04
1.89E-01	2.18E+04	3.51E+04
1.65E-01	2.00E+04	3.22E+04
1.44E-01	1.84E+04	2.97E+04
1.26E-01	1.69E+04	2.73E+04
1.10E-01	1.55E+04	2.52E+04
9.65E-02	1.42E+04	2.33E+04
8.43E-02	1.30E+04	2.15E+04
7.37E-02	1.18E+04	1.99E+04
6.45E-02	1.07E+04	1.84E+04
5.64E-02	9.69E+03	1.70E+04
4.93E-02	8.71E+03	1.58E+04
4.31E-02	7.80E+03	1.46E+04
3.77E-02	6.94E+03	1.35E+04
3.29E-02	6.14E+03	1.24E+04
2.88E-02	5.39E+03	1.15E+04
2.52E-02	4.70E+03	1.05E+04
2.20E-02	4.07E+03	9.65E+03
1.92E-02	3.50E+03	8.82E+03
1.68E-02	2.99E+03	8.04E+03
1.47E-02	2.53E+03	7.30E+03
1.29E-02	2.13E+03	6.61E+03
1.12E-02	1.78E+03	5.97E+03
9.82E-03	1.48E+03	5.38E+03
8.59E-03	1.22E+03	4.83E+03
7.51E-03	1.00E+03	4.32E+03
6.56E-03	8.15E+02	3.85E+03
5.74E-03	6.60E+02	3.43E+03
5.02E-03	5.31E+02	3.05E+03
4.39E-03	4.26E+02	2.70E+03
3.83E-03	3.39E+02	2.39E+03
3.35E-03	2.68E+02	2.11E+03
2.93E-03	2.12E+02	1.86E+03
2.56E-03	1.66E+02	1.64E+03
2.24E-03	1.29E+02	1.44E+03
1.96E-03	1.00E+02	1.27E+03
1.71E-03	7.72E+01	1.11E+03
1.50E-03	5.98E+01	9.73E+02
1.31E-03	4.60E+01	8.52E+02
1.14E-03	3.55E+01	7.46E+02
1.00E-03	2.75E+01	6.54E+02

