6.04E+02	9.45E+05	1.13E+05
5.19E+02	9.22E+05	1.17E+05
4.49E+02	9.21E+05	1.28E+05
3.88E+02	9.03E+05	1.34E+05
3.34E+02	8.89E+05	1.56E+05
2.88E+02	8.70E+05	1.70E+05
2.48E+02	8.65E+05	1.60E+05
2.14E+02	8.44E+05	1.47E+05
1.85E+02	8.32E+05	1.64E+05
1.59E+02	8.14E+05	1.78E+05
1.38E+02	8.03E+05	1.68E+05
1.19E+02	7.86E+05	1.61E+05
1.03E+02	7.70E+05	1.74E+05
8.84E+01	7.55E+05	1.72E+05
7.62E+01	7.39E+05	1.83E+05
6.58E+01	7.24E+05	1.89E+05
5.67E+01	7.07E+05	1.85E+05
4.90E+01	6.90E+05	1.91E+05
4.22E+01	6.73E+05	1.99E+05
3.64E+01	6.54E+05	2.05E+05
3.14E+01	6.35E+05	2.13E+05
2.71E+01	6.17E+05	2.14E+05
2.34E+01	5.97E+05	2.22E+05
2.02E+01	5.75E+05	2.29E+05
1.74E+01	5.52E+05	2.38E+05
1.50E+01	5.28E+05	2.44E+05
1.30E+01	5.02E+05	2.51E+05
1.12E+01	4.74E+05	2.57E+05
9.67E+00	4.44E+05	2.61E+05
8.34E+00	4.14E+05	2.64E+05
7.20E+00	3.82E+05	2.64E+05
6.21E+00	3.51E+05	2.61E+05
5.36E+00	3.20E+05	2.55E+05
4.62E+00	2.91E+05	2.47E+05
3.99E+00	2.63E+05	2.37E+05
3.44E+00	2.37E+05	2.25E+05
2.97E+00	2.13E+05	2.12E+05
2.56E+00	1.92E+05	1.98E+05
2.21E+00	1.73E+05	1.84E+05
1.91E+00	1.57E+05	1.70E+05
1.65E+00	1.43E+05	1.57E+05
1.42E+00	1.30E+05	1.45E+05
1.23E+00	1.19E+05	1.33E+05
1.06E+00	1.10E+05	1.22E+05
9.13E-01	1.01E+05	1.12E+05
7.88E-01	9.35E+04	1.03E+05
6.80E-01	8.67E+04	9.42E+04
5.87E-01	8.06E+04	8.66E+04
5.06E-01	7.51E+04	7.97E+04
4.37E-01	7.00E+04	7.34E+04
3.77E-01	6.54E+04	6.77E+04
3.25E-01	6.11E+04	6.25E+04
2.81E-01	5.71E+04	5.78E+04
2.42E-01	5.35E+04	5.36E+04
2.09E-01	5.00E+04	4.98E+04
1.80E-01	4.68E+04	4.63E+04
1.56E-01	4.38E+04	4.31E+04
1.34E-01	4.09E+04	4.03E+04
1.16E-01	3.82E+04	3.76E+04
1.00E-01	3.56E+04	3.52E+04
1.00E-01	3.53E+04	3.51E+04
8.73E-02	3.29E+04	3.28E+04
7.63E-02	3.08E+04	3.10E+04
6.66E-02	2.88E+04	2.93E+04
5.82E-02	2.68E+04	2.77E+04
5.08E-02	2.49E+04	2.62E+04
4.44E-02	2.31E+04	2.48E+04
3.87E-02	2.14E+04	2.35E+04
3.38E-02	1.97E+04	2.22E+04
2.96E-02	1.82E+04	2.10E+04
2.58E-02	1.66E+04	1.99E+04
2.25E-02	1.52E+04	1.88E+04
1.97E-02	1.38E+04	1.78E+04
1.72E-02	1.25E+04	1.68E+04
1.50E-02	1.12E+04	1.58E+04
1.31E-02	1.01E+04	1.48E+04
1.15E-02	8.95E+03	1.39E+04
1.00E-02	7.91E+03	1.30E+04
8.73E-03	6.94E+03	1.21E+04
7.63E-03	6.06E+03	1.12E+04
6.66E-03	5.25E+03	1.04E+04
5.82E-03	4.52E+03	9.58E+03
5.08E-03	3.87E+03	8.80E+03
4.44E-03	3.28E+03	8.05E+03
3.87E-03	2.77E+03	7.33E+03
3.38E-03	2.32E+03	6.66E+03
2.96E-03	1.93E+03	6.03E+03
2.58E-03	1.59E+03	5.43E+03
2.25E-03	1.30E+03	4.88E+03
1.97E-03	1.06E+03	4.36E+03
1.72E-03	8.54E+02	3.90E+03
1.50E-03	6.84E+02	3.47E+03
1.31E-03	5.46E+02	3.08E+03
1.15E-03	4.32E+02	2.73E+03

