6.04E+02	8.57E+05	1.17E+05
5.11E+02	8.77E+05	1.40E+05
4.30E+02	9.10E+05	1.55E+05
3.65E+02	9.20E+05	1.68E+05
3.08E+02	9.13E+05	1.90E+05
2.60E+02	9.05E+05	2.07E+05
2.19E+02	8.98E+05	1.75E+05
1.85E+02	8.85E+05	1.93E+05
1.56E+02	8.67E+05	1.93E+05
1.32E+02	8.49E+05	2.22E+05
1.12E+02	8.31E+05	2.00E+05
9.42E+01	8.10E+05	2.09E+05
7.95E+01	7.87E+05	2.26E+05
6.73E+01	7.66E+05	2.29E+05
5.68E+01	7.40E+05	2.32E+05
4.80E+01	7.15E+05	2.42E+05
4.06E+01	6.86E+05	2.56E+05
3.43E+01	6.59E+05	2.63E+05
2.90E+01	6.29E+05	2.71E+05
2.45E+01	5.97E+05	2.84E+05
2.07E+01	5.61E+05	2.96E+05
1.75E+01	5.24E+05	3.05E+05
1.48E+01	4.83E+05	3.15E+05
1.25E+01	4.39E+05	3.21E+05
1.05E+01	3.93E+05	3.24E+05
8.91E+00	3.46E+05	3.22E+05
7.52E+00	2.99E+05	3.14E+05
6.36E+00	2.53E+05	3.03E+05
5.37E+00	2.11E+05	2.87E+05
4.54E+00	1.72E+05	2.67E+05
3.84E+00	1.38E+05	2.44E+05
3.24E+00	1.09E+05	2.20E+05
2.74E+00	8.81E+04	1.96E+05
2.31E+00	6.82E+04	1.73E+05
1.96E+00	5.27E+04	1.51E+05
1.65E+00	4.07E+04	1.31E+05
1.40E+00	3.15E+04	1.14E+05
1.18E+00	2.45E+04	9.82E+04
9.97E-01	1.92E+04	8.45E+04
8.43E-01	1.51E+04	7.26E+04
7.12E-01	1.19E+04	6.23E+04
6.02E-01	9.48E+03	5.34E+04
5.08E-01	7.58E+03	4.57E+04
4.30E-01	6.11E+03	3.92E+04
3.63E-01	4.96E+03	3.35E+04
3.07E-01	4.04E+03	2.87E+04
2.59E-01	3.31E+03	2.46E+04
2.19E-01	2.72E+03	2.10E+04
1.85E-01	2.24E+03	1.80E+04
1.56E-01	1.84E+03	1.54E+04
1.32E-01	1.51E+03	1.32E+04
1.12E-01	1.23E+03	1.13E+04
9.44E-02	9.90E+02	9.69E+03
7.97E-02	7.90E+02	8.29E+03
6.74E-02	6.22E+02	7.09E+03
5.69E-02	4.83E+02	6.06E+03
4.81E-02	3.70E+02	5.17E+03
4.07E-02	2.80E+02	4.40E+03
3.44E-02	2.10E+02	3.74E+03
2.90E-02	1.55E+02	3.18E+03
2.45E-02	1.14E+02	2.70E+03
2.07E-02	8.34E+01	2.29E+03
1.75E-02	6.05E+01	1.94E+03
1.48E-02	4.37E+01	1.64E+03
1.25E-02	3.12E+01	1.39E+03
1.06E-02	2.23E+01	1.18E+03
8.93E-03	1.57E+01	9.97E+02
7.55E-03	1.09E+01	8.43E+02
6.38E-03	7.43E+00	7.13E+02
5.39E-03	5.14E+00	6.03E+02
4.55E-03	3.53E+00	5.10E+02
3.85E-03	2.33E+00	4.32E+02

