374	9.99E+05	1.44E+05
318.94	1.00E+06	1.36E+05
272	1.00E+06	1.46E+05
232.71	9.99E+05	1.36E+05
198.83	9.92E+05	1.43E+05
169.82	9.82E+05	1.50E+05
144.44	9.69E+05	1.58E+05
123.2	9.59E+05	1.75E+05
105.25	9.43E+05	1.60E+05
89.76	9.27E+05	1.67E+05
76.718	9.11E+05	1.73E+05
65.382	8.95E+05	1.87E+05
55.851	8.76E+05	1.82E+05
47.6	8.58E+05	1.96E+05
40.642	8.38E+05	1.99E+05
34.675	8.17E+05	2.05E+05
29.61	7.96E+05	2.11E+05
25.264	7.74E+05	2.20E+05
21.569	7.51E+05	2.29E+05
18.404	7.27E+05	2.40E+05
15.708	7.01E+05	2.51E+05
13.406	6.75E+05	2.59E+05
11.443	6.47E+05	2.70E+05
9.7656	6.17E+05	2.82E+05
8.3365	5.85E+05	2.93E+05
7.1141	5.50E+05	3.04E+05
6.0725	5.13E+05	3.15E+05
5.1824	4.73E+05	3.23E+05
4.4235	4.30E+05	3.29E+05
3.7755	3.85E+05	3.31E+05
3.2223	3.39E+05	3.29E+05
2.7505	2.95E+05	3.20E+05
2.3475	2.50E+05	3.09E+05
2.0036	2.09E+05	2.94E+05
1.7101	1.70E+05	2.75E+05
1.4596	1.37E+05	2.54E+05
1.2458	1.08E+05	2.30E+05
1.0633	8.43E+04	2.07E+05
0.9075	6.51E+04	1.83E+05
0.7746	4.99E+04	1.61E+05
0.6611	3.80E+04	1.41E+05
0.5643	2.89E+04	1.22E+05
0.4816	2.19E+04	1.06E+05
0.4111	1.66E+04	9.15E+04
0.3509	1.27E+04	7.87E+04
0.2995	9.68E+03	6.77E+04
0.2556	7.44E+03	5.81E+04
0.2182	5.74E+03	4.99E+04
0.1862	4.45E+03	4.28E+04
0.1589	3.47E+03	3.67E+04
0.1357	2.73E+03	3.15E+04
0.1158	2.16E+03	2.70E+04
0.0988	1.71E+03	2.32E+04
0.0843	1.37E+03	1.99E+04
0.072	1.10E+03	1.70E+04
0.0614	8.80E+02	1.46E+04
0.0524	7.05E+02	1.25E+04
0.0448	5.63E+02	1.07E+04
0.0382	4.47E+02	9.22E+03
0.0326	3.51E+02	7.90E+03
0.0278	2.74E+02	6.77E+03
0.0238	2.12E+02	5.81E+03
0.0203	1.62E+02	4.97E+03
0.0173	1.23E+02	4.26E+03
0.0148	9.25E+01	3.64E+03
0.0126	6.89E+01	3.12E+03
0.0108	5.11E+01	2.66E+03
0.0092	3.73E+01	2.28E+03
0.0078	2.71E+01	1.95E+03
0.0067	1.97E+01	1.67E+03
0.0057	1.39E+01	1.42E+03
0.0049	9.89E+00	1.22E+03
0.0042	6.94E+00	1.04E+03
0.0036	4.80E+00	8.84E+02

