3.88E+02	9.49E+05	1.11E+05
3.34E+02	9.43E+05	1.22E+05
2.88E+02	9.25E+05	1.41E+05
2.48E+02	9.14E+05	1.54E+05
2.14E+02	9.00E+05	1.23E+05
1.85E+02	8.87E+05	1.29E+05
1.59E+02	8.79E+05	1.46E+05
1.38E+02	8.62E+05	1.58E+05
1.19E+02	8.51E+05	1.36E+05
1.03E+02	8.38E+05	1.42E+05
8.84E+01	8.25E+05	1.47E+05
7.62E+01	8.12E+05	1.53E+05
6.58E+01	7.99E+05	1.62E+05
5.67E+01	7.85E+05	1.59E+05
4.90E+01	7.71E+05	1.65E+05
4.22E+01	7.56E+05	1.72E+05
3.64E+01	7.41E+05	1.81E+05
3.14E+01	7.26E+05	1.88E+05
2.71E+01	7.09E+05	1.90E+05
2.34E+01	6.92E+05	1.98E+05
2.02E+01	6.74E+05	2.07E+05
1.74E+01	6.55E+05	2.15E+05
1.50E+01	6.35E+05	2.24E+05
1.30E+01	6.16E+05	2.31E+05
1.12E+01	5.94E+05	2.41E+05
9.67E+00	5.71E+05	2.51E+05
8.34E+00	5.46E+05	2.61E+05
7.20E+00	5.19E+05	2.71E+05
6.21E+00	4.91E+05	2.81E+05
5.36E+00	4.59E+05	2.89E+05
4.62E+00	4.26E+05	2.96E+05
3.99E+00	3.90E+05	3.01E+05
3.44E+00	3.53E+05	3.03E+05
2.97E+00	3.17E+05	2.99E+05
2.56E+00	2.78E+05	2.95E+05
2.21E+00	2.42E+05	2.86E+05
1.91E+00	2.07E+05	2.75E+05
1.65E+00	1.75E+05	2.61E+05
1.42E+00	1.46E+05	2.44E+05
1.23E+00	1.20E+05	2.25E+05
1.06E+00	9.86E+04	2.06E+05
9.13E-01	8.03E+04	1.86E+05
7.88E-01	6.52E+04	1.67E+05
6.80E-01	5.29E+04	1.49E+05
5.87E-01	4.29E+04	1.32E+05
5.06E-01	3.49E+04	1.17E+05
4.37E-01	2.85E+04	1.03E+05
3.77E-01	2.34E+04	9.09E+04
3.25E-01	1.94E+04	7.98E+04
2.81E-01	1.61E+04	7.00E+04
2.42E-01	1.34E+04	6.15E+04
2.09E-01	1.13E+04	5.39E+04
1.80E-01	9.55E+03	4.72E+04
1.56E-01	8.11E+03	4.14E+04
1.34E-01	6.92E+03	3.63E+04
1.16E-01	5.92E+03	3.19E+04
1.00E-01	5.09E+03	2.80E+04
1.00E-01	4.67E+03	2.88E+04
8.53E-02	4.39E+03	2.42E+04
7.28E-02	3.75E+03	2.10E+04
6.21E-02	3.18E+03	1.83E+04
5.30E-02	2.69E+03	1.59E+04
4.52E-02	2.27E+03	1.38E+04
3.86E-02	1.90E+03	1.20E+04
3.29E-02	1.57E+03	1.05E+04
2.81E-02	1.29E+03	9.09E+03
2.40E-02	1.05E+03	7.89E+03
2.04E-02	8.39E+02	6.83E+03
1.74E-02	6.65E+02	5.91E+03
1.49E-02	5.23E+02	5.10E+03
1.27E-02	4.07E+02	4.40E+03
1.08E-02	3.14E+02	3.79E+03
9.24E-03	2.41E+02	3.26E+03
7.88E-03	1.84E+02	2.80E+03
6.72E-03	1.40E+02	2.40E+03
5.74E-03	1.06E+02	2.06E+03
4.89E-03	7.95E+01	1.76E+03
4.18E-03	5.97E+01	1.51E+03
3.56E-03	4.45E+01	1.29E+03
3.04E-03	3.32E+01	1.10E+03
2.59E-03	2.47E+01	9.45E+02
2.21E-03	1.83E+01	8.09E+02

