385.47	1.00E+06	1.28E+05
330.69	1.01E+06	1.55E+05
284.31	1.01E+06	1.45E+05
245.44	1.01E+06	1.61E+05
211.56	9.99E+05	1.41E+05
182.12	9.91E+05	1.67E+05
156.3	9.86E+05	1.57E+05
134.83	9.66E+05	1.61E+05
115.93	9.55E+05	1.56E+05
99.892	9.41E+05	1.75E+05
85.953	9.24E+05	1.69E+05
74.007	9.11E+05	1.82E+05
63.789	8.92E+05	1.90E+05
54.923	8.76E+05	1.83E+05
47.313	8.58E+05	1.92E+05
40.721	8.39E+05	1.97E+05
35.062	8.20E+05	2.09E+05
30.193	8.00E+05	2.09E+05
25.996	7.80E+05	2.17E+05
22.384	7.58E+05	2.26E+05
19.274	7.36E+05	2.35E+05
16.596	7.12E+05	2.44E+05
14.293	6.88E+05	2.54E+05
12.308	6.62E+05	2.64E+05
10.601	6.35E+05	2.74E+05
9.1286	6.06E+05	2.85E+05
7.8609	5.76E+05	2.94E+05
6.7685	5.43E+05	3.04E+05
5.8291	5.09E+05	3.13E+05
5.0193	4.70E+05	3.21E+05
4.3225	4.30E+05	3.26E+05
3.7223	3.88E+05	3.28E+05
3.2054	3.45E+05	3.26E+05
2.7601	3.03E+05	3.19E+05
2.3769	2.61E+05	3.10E+05
2.0468	2.21E+05	2.97E+05
1.7626	1.85E+05	2.80E+05
1.5179	1.52E+05	2.61E+05
1.3071	1.24E+05	2.40E+05
1.1256	9.93E+04	2.18E+05
0.9693	7.92E+04	1.96E+05
0.8347	6.27E+04	1.75E+05
0.7188	4.95E+04	1.55E+05
0.619	3.90E+04	1.36E+05
0.5331	3.08E+04	1.19E+05
0.459	2.43E+04	1.04E+05
0.3953	1.93E+04	9.12E+04
0.3404	1.54E+04	7.95E+04
0.2931	1.23E+04	6.91E+04
0.2524	9.94E+03	6.01E+04
0.2174	8.07E+03	5.22E+04
0.1872	6.59E+03	4.54E+04
0.1612	5.41E+03	3.95E+04
0.1388	4.47E+03	3.43E+04
0.1196	3.72E+03	2.98E+04
0.103	3.10E+03	2.59E+04
0.0887	2.60E+03	2.25E+04
0.0763	2.18E+03	1.96E+04
0.0657	1.83E+03	1.71E+04
0.0566	1.53E+03	1.48E+04
0.0488	1.28E+03	1.29E+04
0.042	1.06E+03	1.12E+04
0.0362	8.70E+02	9.78E+03
0.0311	7.09E+02	8.50E+03
0.0268	5.72E+02	7.39E+03
0.0231	4.56E+02	6.41E+03
0.0199	3.61E+02	5.56E+03
0.0171	2.82E+02	4.82E+03
0.0147	2.19E+02	4.18E+03
0.0127	1.69E+02	3.61E+03
0.0109	1.29E+02	3.12E+03
0.0094	9.78E+01	2.70E+03
0.0081	7.39E+01	2.33E+03
0.007	5.56E+01	2.01E+03
0.006	4.16E+01	1.74E+03
0.0052	3.09E+01	1.50E+03
0.0045	2.27E+01	1.29E+03
0.0038	1.68E+01	1.12E+03

