3.26E+02	1.08E+04	3.66E+04
2.87E+02	9.56E+03	3.21E+04
2.24E+02	7.99E+03	2.99E+04
1.98E+02	7.18E+03	2.65E+04
1.75E+02	6.43E+03	2.35E+04
1.54E+02	5.15E+03	1.95E+04
1.37E+02	5.31E+03	1.88E+04
1.20E+02	5.03E+03	1.75E+04
1.06E+02	4.42E+03	1.55E+04
9.41E+01	4.21E+03	1.41E+04
8.31E+01	3.77E+03	1.27E+04
7.35E+01	3.53E+03	1.14E+04
6.48E+01	3.12E+03	1.02E+04
5.74E+01	3.03E+03	9.43E+03
5.07E+01	2.78E+03	8.54E+03
4.48E+01	2.55E+03	7.74E+03
3.95E+01	2.32E+03	7.03E+03
3.49E+01	2.10E+03	6.39E+03
3.09E+01	1.94E+03	5.83E+03
2.73E+01	1.79E+03	5.32E+03
2.41E+01	1.61E+03	4.85E+03
2.13E+01	1.44E+03	4.43E+03
1.88E+01	1.30E+03	4.04E+03
1.66E+01	1.15E+03	3.69E+03
1.47E+01	1.02E+03	3.37E+03
1.30E+01	8.95E+02	3.08E+03
1.15E+01	7.76E+02	2.80E+03
1.02E+01	6.67E+02	2.55E+03
8.97E+00	5.69E+02	2.31E+03
7.93E+00	4.82E+02	2.10E+03
7.01E+00	4.04E+02	1.90E+03
6.19E+00	3.36E+02	1.71E+03
5.47E+00	2.82E+02	1.54E+03
4.84E+00	2.32E+02	1.38E+03
4.27E+00	1.89E+02	1.24E+03
3.78E+00	1.54E+02	1.11E+03
3.34E+00	1.25E+02	9.89E+02
2.95E+00	1.02E+02	8.82E+02
2.61E+00	8.19E+01	7.86E+02
2.30E+00	6.56E+01	6.99E+02
2.04E+00	5.23E+01	6.21E+02
1.80E+00	4.15E+01	5.51E+02
1.59E+00	3.28E+01	4.89E+02
1.40E+00	2.58E+01	4.33E+02
1.24E+00	2.03E+01	3.84E+02
1.10E+00	1.59E+01	3.40E+02
9.69E-01	1.24E+01	3.01E+02
8.57E-01	9.72E+00	2.67E+02
7.57E-01	7.56E+00	2.36E+02
6.69E-01	5.88E+00	2.09E+02
5.91E-01	4.56E+00	1.85E+02
5.22E-01	3.53E+00	1.63E+02
4.62E-01	2.72E+00	1.45E+02
4.08E-01	2.10E+00	1.28E+02
3.61E-01	1.62E+00	1.13E+02
3.19E-01	1.26E+00	9.99E+01
2.82E-01	9.67E-01	8.83E+01
2.49E-01	7.50E-01	7.80E+01
2.20E-01	5.84E-01	6.90E+01
1.94E-01	4.51E-01	6.09E+01

