1.75E+02	2.47E+03	1.93E+04
1.54E+02	2.14E+03	1.70E+04
1.37E+02	1.21E+03	1.43E+04
1.20E+02	1.78E+03	1.39E+04
1.06E+02	1.56E+03	1.23E+04
9.41E+01	1.38E+03	1.09E+04
8.31E+01	1.23E+03	9.73E+03
7.35E+01	1.05E+03	8.72E+03
6.48E+01	9.06E+02	7.69E+03
5.74E+01	9.15E+02	6.97E+03
5.07E+01	8.16E+02	6.22E+03
4.48E+01	7.22E+02	5.55E+03
3.95E+01	6.35E+02	4.95E+03
3.49E+01	5.61E+02	4.42E+03
3.09E+01	4.93E+02	3.96E+03
2.73E+01	4.67E+02	3.56E+03
2.41E+01	4.07E+02	3.18E+03
2.13E+01	3.52E+02	2.85E+03
1.88E+01	3.04E+02	2.55E+03
1.66E+01	2.65E+02	2.28E+03
1.47E+01	2.25E+02	2.04E+03
1.30E+01	1.88E+02	1.82E+03
1.15E+01	1.56E+02	1.63E+03
1.02E+01	1.29E+02	1.45E+03
8.97E+00	1.09E+02	1.29E+03
7.93E+00	8.85E+01	1.15E+03
7.01E+00	7.16E+01	1.02E+03
6.19E+00	5.76E+01	9.08E+02
5.47E+00	4.61E+01	8.06E+02
4.84E+00	3.66E+01	7.15E+02
4.27E+00	2.89E+01	6.33E+02
3.78E+00	2.26E+01	5.61E+02
3.34E+00	1.77E+01	4.97E+02
2.95E+00	1.38E+01	4.40E+02
2.61E+00	1.07E+01	3.89E+02
2.30E+00	8.35E+00	3.44E+02
2.04E+00	6.46E+00	3.05E+02
1.80E+00	4.99E+00	2.69E+02
1.59E+00	3.83E+00	2.38E+02
1.40E+00	2.96E+00	2.11E+02
1.24E+00	2.27E+00	1.86E+02
1.10E+00	1.73E+00	1.65E+02
9.69E-01	1.30E+00	1.45E+02
8.57E-01	1.00E+00	1.29E+02
7.57E-01	7.72E-01	1.14E+02
6.69E-01	5.76E-01	1.00E+02
5.91E-01	4.44E-01	8.87E+01
5.22E-01	3.50E-01	7.84E+01
4.62E-01	2.65E-01	6.92E+01

