1.85E+02	9.53E+05	1.19E+05
1.59E+02	9.39E+05	1.13E+05
1.38E+02	9.35E+05	1.20E+05
1.19E+02	9.19E+05	1.13E+05
1.03E+02	9.08E+05	1.18E+05
8.84E+01	8.98E+05	1.34E+05
7.62E+01	8.87E+05	1.30E+05
6.58E+01	8.76E+05	1.38E+05
5.67E+01	8.63E+05	1.31E+05
4.90E+01	8.52E+05	1.36E+05
4.22E+01	8.39E+05	1.41E+05
3.64E+01	8.28E+05	1.49E+05
3.14E+01	8.14E+05	1.56E+05
2.71E+01	8.01E+05	1.55E+05
2.34E+01	7.88E+05	1.61E+05
2.02E+01	7.74E+05	1.69E+05
1.74E+01	7.59E+05	1.74E+05
1.50E+01	7.44E+05	1.81E+05
1.30E+01	7.28E+05	1.89E+05
1.12E+01	7.11E+05	1.97E+05
9.67E+00	6.94E+05	2.05E+05
8.34E+00	6.75E+05	2.14E+05
7.20E+00	6.56E+05	2.23E+05
6.21E+00	6.35E+05	2.33E+05
5.36E+00	6.14E+05	2.43E+05
4.62E+00	5.91E+05	2.53E+05
3.99E+00	5.67E+05	2.62E+05
3.44E+00	5.40E+05	2.73E+05
2.97E+00	5.13E+05	2.84E+05
2.56E+00	4.82E+05	2.93E+05
2.21E+00	4.50E+05	3.01E+05
1.91E+00	4.15E+05	3.06E+05
1.65E+00	3.78E+05	3.08E+05
1.42E+00	3.40E+05	3.07E+05
1.23E+00	3.02E+05	3.02E+05
1.06E+00	2.64E+05	2.94E+05
9.13E-01	2.28E+05	2.83E+05
7.88E-01	1.94E+05	2.68E+05
6.80E-01	1.64E+05	2.51E+05
5.87E-01	1.37E+05	2.33E+05
5.06E-01	1.13E+05	2.13E+05
4.37E-01	9.27E+04	1.94E+05
3.77E-01	7.60E+04	1.75E+05
3.25E-01	6.20E+04	1.57E+05
2.81E-01	5.09E+04	1.40E+05
2.42E-01	4.18E+04	1.24E+05
2.09E-01	3.44E+04	1.10E+05
1.80E-01	2.83E+04	9.69E+04
1.56E-01	2.35E+04	8.55E+04
1.34E-01	1.97E+04	7.53E+04
1.32E-01	1.94E+04	7.27E+04
1.15E-01	1.68E+04	6.47E+04
1.01E-01	1.45E+04	5.76E+04
8.81E-02	1.26E+04	5.13E+04
7.70E-02	1.09E+04	4.57E+04
6.74E-02	9.55E+03	4.07E+04
5.89E-02	8.34E+03	3.63E+04
5.15E-02	7.40E+03	3.23E+04
4.50E-02	6.48E+03	2.88E+04
3.93E-02	5.67E+03	2.57E+04
3.44E-02	4.94E+03	2.30E+04
3.01E-02	4.31E+03	2.05E+04
2.63E-02	3.73E+03	1.83E+04
2.30E-02	3.22E+03	1.63E+04
2.01E-02	2.76E+03	1.46E+04
1.76E-02	2.35E+03	1.30E+04
1.54E-02	1.98E+03	1.16E+04
1.34E-02	1.67E+03	1.03E+04
1.17E-02	1.39E+03	9.15E+03
1.03E-02	1.15E+03	8.11E+03
9.00E-03	9.42E+02	7.19E+03
7.80E-03	7.71E+02	6.36E+03
6.90E-03	6.26E+02	5.62E+03
6.00E-03	5.06E+02	4.95E+03
5.20E-03	4.09E+02	4.37E+03
4.60E-03	3.28E+02	3.84E+03
4.00E-03	2.63E+02	3.38E+03
3.50E-03	2.06E+02	2.97E+03
3.10E-03	1.68E+02	2.60E+03
2.70E-03	1.32E+02	2.28E+03
2.30E-03	1.06E+02	2.00E+03
2.00E-03	8.36E+01	1.75E+03
1.80E-03	6.54E+01	1.53E+03
1.60E-03	5.23E+01	1.34E+03
1.40E-03	4.13E+01	1.18E+03
1.20E-03	3.20E+01	1.03E+03
1.00E-03	2.50E+01	9.03E+02
9.00E-04	1.86E+01	7.94E+02
8.00E-04	1.56E+01	6.87E+02
7.00E-04	1.21E+01	6.04E+02
6.10E-04	9.96E+00	5.30E+02
5.30E-04	7.01E+00	4.64E+02
4.70E-04	5.95E+00	4.08E+02
4.10E-04	4.51E+00	3.59E+02
3.60E-04	3.86E+00	3.16E+02
3.10E-04	2.67E+00	2.77E+02
2.70E-04	2.44E+00	2.44E+02

