2.14E+02	1.03E+06	7.80E+04
1.85E+02	1.02E+06	8.28E+04
1.59E+02	1.01E+06	8.78E+04
1.38E+02	1.01E+06	1.17E+05
1.19E+02	9.99E+05	8.55E+04
1.03E+02	9.91E+05	8.94E+04
8.84E+01	9.84E+05	1.05E+05
7.62E+01	9.76E+05	9.79E+04
6.58E+01	9.67E+05	1.06E+05
5.67E+01	9.58E+05	1.01E+05
4.90E+01	9.48E+05	1.07E+05
4.22E+01	9.38E+05	1.05E+05
3.64E+01	9.29E+05	1.08E+05
3.14E+01	9.20E+05	1.15E+05
2.71E+01	9.10E+05	1.15E+05
2.34E+01	9.00E+05	1.16E+05
2.02E+01	8.90E+05	1.20E+05
1.74E+01	8.79E+05	1.26E+05
1.50E+01	8.69E+05	1.31E+05
1.30E+01	8.58E+05	1.33E+05
1.12E+01	8.47E+05	1.39E+05
9.67E+00	8.35E+05	1.45E+05
8.34E+00	8.23E+05	1.51E+05
7.20E+00	8.10E+05	1.57E+05
6.21E+00	7.97E+05	1.64E+05
5.36E+00	7.83E+05	1.71E+05
4.62E+00	7.68E+05	1.79E+05
3.99E+00	7.53E+05	1.87E+05
3.44E+00	7.37E+05	1.95E+05
2.97E+00	7.20E+05	2.02E+05
2.56E+00	7.02E+05	2.12E+05
2.21E+00	6.84E+05	2.21E+05
1.91E+00	6.65E+05	2.32E+05
1.65E+00	6.44E+05	2.42E+05
1.42E+00	6.21E+05	2.54E+05
1.23E+00	5.97E+05	2.65E+05
1.06E+00	5.70E+05	2.77E+05
9.13E-01	5.42E+05	2.88E+05
7.88E-01	5.10E+05	2.98E+05
6.80E-01	4.76E+05	3.07E+05
5.87E-01	4.40E+05	3.14E+05
5.06E-01	4.01E+05	3.18E+05
4.37E-01	3.62E+05	3.18E+05
3.77E-01	3.22E+05	3.15E+05
3.25E-01	2.82E+05	3.07E+05
2.81E-01	2.45E+05	2.96E+05
2.42E-01	2.09E+05	2.82E+05
2.09E-01	1.77E+05	2.65E+05
1.80E-01	1.47E+05	2.45E+05
1.56E-01	1.22E+05	2.26E+05
1.34E-01	1.01E+05	2.06E+05
1.16E-01	8.30E+04	1.85E+05
1.00E-01	6.86E+04	1.67E+05
1.00E-01	6.71E+04	1.65E+05
9.01E-02	5.85E+04	1.52E+05
8.11E-02	5.11E+04	1.40E+05
7.31E-02	4.47E+04	1.29E+05
6.58E-02	3.92E+04	1.19E+05
5.93E-02	3.44E+04	1.09E+05
5.34E-02	3.03E+04	9.98E+04
4.81E-02	2.67E+04	9.14E+04
4.33E-02	2.36E+04	8.37E+04
3.90E-02	2.09E+04	7.66E+04
3.51E-02	1.86E+04	7.00E+04
3.16E-02	1.66E+04	6.41E+04
2.85E-02	1.48E+04	5.86E+04
2.57E-02	1.32E+04	5.35E+04
2.31E-02	1.18E+04	4.89E+04
2.08E-02	1.06E+04	4.47E+04
1.87E-02	9.51E+03	4.09E+04
1.69E-02	8.54E+03	3.74E+04
1.52E-02	7.68E+03	3.41E+04
1.37E-02	6.91E+03	3.12E+04
1.23E-02	6.21E+03	2.85E+04
1.11E-02	5.59E+03	2.61E+04
1.00E-02	5.03E+03	2.39E+04
9.01E-03	4.51E+03	2.18E+04
8.11E-03	4.05E+03	2.00E+04
7.31E-03	3.62E+03	1.82E+04
6.58E-03	3.24E+03	1.67E+04
5.93E-03	2.88E+03	1.53E+04
5.34E-03	2.56E+03	1.39E+04
4.81E-03	2.27E+03	1.27E+04
4.33E-03	2.00E+03	1.16E+04
3.90E-03	1.76E+03	1.06E+04
3.51E-03	1.55E+03	9.68E+03
3.16E-03	1.35E+03	8.82E+03
2.85E-03	1.18E+03	8.04E+03
2.57E-03	1.02E+03	7.32E+03
2.31E-03	8.86E+02	6.66E+03
2.08E-03	7.65E+02	6.05E+03
1.87E-03	6.59E+02	5.50E+03
1.69E-03	5.68E+02	4.99E+03
1.52E-03	4.88E+02	4.53E+03
1.37E-03	4.19E+02	4.11E+03
1.23E-03	3.59E+02	3.73E+03
1.11E-03	3.08E+02	3.38E+03
1.00E-03	2.63E+02	3.06E+03

