3.85E+02	2.34E+05	2.94E+05
3.31E+02	1.98E+05	2.80E+05
2.84E+02	1.64E+05	2.61E+05
2.45E+02	1.28E+05	2.38E+05
1.82E+02	8.17E+04	1.86E+05
1.56E+02	6.19E+04	1.64E+05
1.35E+02	4.98E+04	1.45E+05
1.16E+02	4.06E+04	1.27E+05
9.99E+01	3.16E+04	1.11E+05
8.60E+01	2.45E+04	9.70E+04
7.40E+01	1.89E+04	8.44E+04
6.38E+01	1.45E+04	7.37E+04
5.49E+01	1.19E+04	6.45E+04
4.73E+01	9.35E+03	5.61E+04
4.07E+01	7.42E+03	4.91E+04
3.51E+01	5.81E+03	4.29E+04
3.02E+01	4.83E+03	3.75E+04
2.60E+01	3.90E+03	3.29E+04
2.24E+01	3.17E+03	2.89E+04
1.93E+01	2.57E+03	2.54E+04
1.66E+01	2.16E+03	2.25E+04
1.43E+01	1.75E+03	1.98E+04
1.23E+01	1.50E+03	1.75E+04
1.06E+01	1.25E+03	1.55E+04
9.13E+00	1.06E+03	1.37E+04
7.86E+00	8.97E+02	1.21E+04
6.77E+00	7.57E+02	1.06E+04
5.83E+00	6.35E+02	9.35E+03
5.02E+00	5.31E+02	8.19E+03
4.32E+00	4.43E+02	7.15E+03
3.72E+00	3.68E+02	6.23E+03
3.21E+00	3.04E+02	5.42E+03
2.76E+00	2.51E+02	4.71E+03
2.38E+00	2.04E+02	4.08E+03
2.05E+00	1.64E+02	3.54E+03
1.76E+00	1.30E+02	3.07E+03
1.52E+00	1.02E+02	2.66E+03
1.31E+00	7.90E+01	2.30E+03
1.13E+00	6.06E+01	1.99E+03
9.69E-01	5.13E+01	1.72E+03
8.35E-01	3.92E+01	1.49E+03
7.19E-01	2.98E+01	1.28E+03
6.19E-01	2.25E+01	1.11E+03
5.33E-01	1.68E+01	9.56E+02
4.59E-01	1.26E+01	8.25E+02
3.95E-01	9.32E+00	7.12E+02
3.40E-01	6.86E+00	6.14E+02
2.93E-01	5.03E+00	5.29E+02
2.52E-01	3.66E+00	4.56E+02
2.17E-01	2.64E+00	3.93E+02
1.87E-01	1.91E+00	3.39E+02
1.61E-01	1.35E+00	2.92E+02
1.39E-01	9.50E-01	2.52E+02
1.20E-01	6.73E-01	2.17E+02
1.03E-01	4.63E-01	1.87E+02
8.87E-02	3.23E-01	1.61E+02
7.63E-02	2.30E-01	1.38E+02

