3.85E+02	2.57E+05	2.99E+05
3.31E+02	2.24E+05	2.89E+05
2.84E+02	1.92E+05	2.75E+05
2.45E+02	1.55E+05	2.58E+05
2.12E+02	1.40E+05	2.42E+05
1.82E+02	1.15E+05	2.23E+05
1.56E+02	8.92E+04	2.02E+05
1.35E+02	7.41E+04	1.82E+05
1.16E+02	6.18E+04	1.62E+05
9.99E+01	4.95E+04	1.44E+05
8.60E+01	3.96E+04	1.27E+05
7.40E+01	3.15E+04	1.12E+05
6.38E+01	2.50E+04	9.83E+04
5.49E+01	2.13E+04	8.60E+04
4.73E+01	1.74E+04	7.52E+04
4.07E+01	1.43E+04	6.57E+04
3.51E+01	1.19E+04	5.74E+04
3.02E+01	1.01E+04	5.01E+04
2.60E+01	8.45E+03	4.37E+04
2.24E+01	7.15E+03	3.82E+04
1.93E+01	6.01E+03	3.33E+04
1.66E+01	5.19E+03	2.91E+04
1.43E+01	4.45E+03	2.54E+04
1.23E+01	3.83E+03	2.22E+04
1.06E+01	3.30E+03	1.94E+04
9.13E+00	2.86E+03	1.70E+04
7.86E+00	2.49E+03	1.49E+04
6.77E+00	2.16E+03	1.30E+04
5.83E+00	1.87E+03	1.14E+04
5.02E+00	1.65E+03	9.98E+03
4.32E+00	1.42E+03	8.76E+03
3.72E+00	1.22E+03	7.69E+03
3.21E+00	1.03E+03	6.74E+03
2.76E+00	8.65E+02	5.92E+03
2.38E+00	7.24E+02	5.19E+03
2.05E+00	6.00E+02	4.54E+03
1.76E+00	4.91E+02	3.97E+03
1.52E+00	3.97E+02	3.47E+03
1.31E+00	3.18E+02	3.02E+03
1.13E+00	2.51E+02	2.63E+03
9.69E-01	1.97E+02	2.29E+03
8.35E-01	1.53E+02	1.98E+03
7.19E-01	1.18E+02	1.72E+03
6.19E-01	9.06E+01	1.49E+03
5.33E-01	6.92E+01	1.29E+03
4.59E-01	5.26E+01	1.11E+03
3.95E-01	3.99E+01	9.61E+02
3.40E-01	3.01E+01	8.29E+02
2.93E-01	2.26E+01	7.16E+02
2.52E-01	1.69E+01	6.17E+02
2.17E-01	1.27E+01	5.33E+02
1.87E-01	9.38E+00	4.59E+02
1.61E-01	6.91E+00	3.96E+02
1.39E-01	5.12E+00	3.41E+02
1.20E-01	3.72E+00	2.94E+02
1.03E-01	2.74E+00	2.53E+02
8.87E-02	1.97E+00	2.18E+02
7.63E-02	1.42E+00	1.88E+02
6.57E-02	1.02E+00	1.62E+02
5.66E-02	7.31E-01	1.40E+02
4.88E-02	5.28E-01	1.20E+02
4.20E-02	3.77E-01	1.04E+02
3.62E-02	2.71E-01	8.93E+01
3.11E-02	2.05E-01	7.70E+01

