3.73E+02	6.47E+05	2.41E+05
3.18E+02	6.20E+05	2.42E+05
2.72E+02	5.92E+05	2.46E+05
2.32E+02	5.64E+05	2.51E+05
1.98E+02	5.35E+05	2.59E+05
1.69E+02	5.03E+05	2.67E+05
1.44E+02	4.71E+05	2.74E+05
1.23E+02	4.34E+05	2.81E+05
1.05E+02	3.99E+05	2.86E+05
8.97E+01	3.60E+05	2.87E+05
7.65E+01	3.21E+05	2.86E+05
6.53E+01	2.81E+05	2.80E+05
5.58E+01	2.43E+05	2.71E+05
4.76E+01	2.07E+05	2.58E+05
4.06E+01	1.74E+05	2.42E+05
3.47E+01	1.44E+05	2.25E+05
2.96E+01	1.19E+05	2.06E+05
2.53E+01	9.75E+04	1.86E+05
2.16E+01	7.97E+04	1.67E+05
1.84E+01	6.51E+04	1.49E+05
1.57E+01	5.34E+04	1.32E+05
1.34E+01	4.40E+04	1.17E+05
1.14E+01	3.64E+04	1.03E+05
9.77E+00	3.03E+04	9.00E+04
8.33E+00	2.54E+04	7.88E+04
7.11E+00	2.15E+04	6.89E+04
6.07E+00	1.83E+04	6.03E+04
5.18E+00	1.56E+04	5.28E+04
4.42E+00	1.34E+04	4.63E+04
3.78E+00	1.16E+04	4.05E+04
3.22E+00	1.00E+04	3.55E+04
2.75E+00	8.69E+03	3.11E+04
2.35E+00	7.55E+03	2.73E+04
2.00E+00	6.56E+03	2.39E+04
1.71E+00	5.70E+03	2.10E+04
1.46E+00	4.95E+03	1.84E+04
1.25E+00	4.29E+03	1.62E+04
1.06E+00	3.71E+03	1.42E+04
9.08E-01	3.20E+03	1.25E+04
7.75E-01	2.74E+03	1.10E+04
6.61E-01	2.34E+03	9.63E+03
5.64E-01	1.98E+03	8.45E+03
4.82E-01	1.66E+03	7.42E+03
4.11E-01	1.39E+03	6.50E+03
3.51E-01	1.14E+03	5.68E+03
2.99E-01	9.38E+02	4.96E+03
2.56E-01	7.62E+02	4.33E+03
2.18E-01	6.15E+02	3.76E+03
1.86E-01	4.93E+02	3.27E+03
1.59E-01	3.94E+02	2.83E+03
1.36E-01	3.13E+02	2.45E+03
1.16E-01	2.47E+02	2.12E+03
9.88E-02	1.95E+02	1.83E+03
8.43E-02	1.53E+02	1.57E+03
7.20E-02	1.20E+02	1.35E+03
6.14E-02	9.35E+01	1.17E+03
5.24E-02	7.27E+01	1.00E+03
4.48E-02	5.63E+01	8.60E+02
3.82E-02	4.35E+01	7.38E+02
3.26E-02	3.34E+01	6.33E+02
2.78E-02	2.55E+01	5.42E+02
2.38E-02	1.92E+01	4.64E+02
2.03E-02	1.45E+01	3.97E+02
1.73E-02	1.08E+01	3.39E+02
1.48E-02	8.07E+00	2.90E+02
1.26E-02	6.26E+00	2.49E+02
1.08E-02	4.52E+00	2.13E+02
9.18E-03	3.24E+00	1.82E+02
7.84E-03	2.56E+00	1.56E+02
6.69E-03	1.72E+00	1.33E+02
5.71E-03	1.34E+00	1.14E+02

