448.8	6.40E+05	2.45E+05
385.47	6.29E+05	2.52E+05
330.69	6.10E+05	2.65E+05
284.31	5.83E+05	2.84E+05
245.44	5.70E+05	2.88E+05
211.56	5.56E+05	2.82E+05
182.12	5.28E+05	2.92E+05
156.3	4.96E+05	3.01E+05
134.83	4.60E+05	3.17E+05
115.93	4.30E+05	3.10E+05
99.892	3.92E+05	3.14E+05
85.953	3.50E+05	3.17E+05
74.007	3.09E+05	3.14E+05
63.789	2.67E+05	3.07E+05
54.923	2.34E+05	2.91E+05
47.313	1.97E+05	2.77E+05
40.721	1.63E+05	2.60E+05
35.062	1.35E+05	2.39E+05
30.193	1.10E+05	2.18E+05
25.996	8.87E+04	1.97E+05
22.384	7.09E+04	1.77E+05
19.274	5.65E+04	1.58E+05
16.596	4.50E+04	1.39E+05
14.293	3.56E+04	1.23E+05
12.308	2.84E+04	1.08E+05
10.601	2.27E+04	9.45E+04
9.1286	1.85E+04	8.26E+04
7.8609	1.50E+04	7.21E+04
6.7685	1.22E+04	6.29E+04
5.8291	1.00E+04	5.48E+04
5.0193	8.26E+03	4.77E+04
4.3225	6.86E+03	4.16E+04
3.7223	5.73E+03	3.62E+04
3.2054	4.81E+03	3.16E+04
2.7601	4.07E+03	2.75E+04
2.3769	3.45E+03	2.40E+04
2.0468	2.94E+03	2.09E+04
1.7626	2.50E+03	1.83E+04
1.5179	2.14E+03	1.59E+04
1.3071	1.82E+03	1.39E+04
1.1256	1.55E+03	1.21E+04
0.9693	1.31E+03	1.06E+04
0.8347	1.10E+03	9.26E+03
0.7188	9.16E+02	8.09E+03
0.619	7.56E+02	7.06E+03
0.5331	6.18E+02	6.16E+03
0.459	4.99E+02	5.36E+03
0.3953	3.99E+02	4.67E+03
0.3404	3.16E+02	4.06E+03
0.2931	2.48E+02	3.52E+03
0.2524	1.93E+02	3.05E+03
0.2174	1.49E+02	2.65E+03
0.1872	1.14E+02	2.29E+03
0.1612	8.72E+01	1.98E+03
0.1388	6.61E+01	1.71E+03
0.1196	5.00E+01	1.48E+03
0.103	3.76E+01	1.28E+03
0.0887	2.81E+01	1.10E+03
0.0763	2.09E+01	9.50E+02
0.0657	1.55E+01	8.20E+02
0.0566	1.14E+01	7.07E+02
0.0488	8.37E+00	6.09E+02
0.042	6.09E+00	5.25E+02
0.0362	4.39E+00	4.53E+02
0.0311	3.14E+00	3.90E+02
0.0268	2.22E+00	3.36E+02
0.0231	1.55E+00	2.90E+02
0.0199	1.07E+00	2.50E+02
0.0171	7.28E-01	2.15E+02
0.0147	4.83E-01	1.85E+02

