365.3	5.98E+05	2.56E+05
308	5.69E+05	2.75E+05
259.64	5.53E+05	2.84E+05
218.93	5.38E+05	2.79E+05
184.8	5.07E+05	2.89E+05
156.3	4.71E+05	3.03E+05
132.28	4.33E+05	3.15E+05
111.6	3.98E+05	3.08E+05
94.201	3.54E+05	3.10E+05
79.534	3.07E+05	3.10E+05
67.272	2.63E+05	3.03E+05
56.81	2.24E+05	2.86E+05
48	1.83E+05	2.70E+05
40.563	1.46E+05	2.50E+05
34.259	1.16E+05	2.27E+05
28.955	9.03E+04	2.03E+05
24.477	6.90E+04	1.80E+05
20.675	5.21E+04	1.58E+05
17.473	3.95E+04	1.37E+05
14.76	2.96E+04	1.18E+05
12.474	2.22E+04	1.02E+05
10.539	1.66E+04	8.69E+04
8.906	1.24E+04	7.42E+04
7.5248	9.36E+03	6.33E+04
6.3589	7.10E+03	5.39E+04
5.373	5.42E+03	4.58E+04
4.5402	4.16E+03	3.90E+04
3.8364	3.21E+03	3.31E+04
3.2418	2.59E+03	2.82E+04
2.7394	2.02E+03	2.40E+04
2.3148	1.59E+03	2.04E+04
1.956	1.27E+03	1.73E+04
1.6528	1.01E+03	1.47E+04
1.3966	8.13E+02	1.25E+04
1.1801	6.52E+02	1.07E+04
0.9972	5.22E+02	9.06E+03
0.8427	4.14E+02	7.70E+03
0.7121	3.27E+02	6.55E+03
0.6017	2.54E+02	5.56E+03
0.5084	1.96E+02	4.73E+03
0.4296	1.49E+02	4.01E+03
0.363	1.11E+02	3.40E+03
0.3068	8.24E+01	2.88E+03
0.2592	6.04E+01	2.44E+03
0.219	4.39E+01	2.07E+03
0.1851	3.16E+01	1.75E+03
0.1564	2.26E+01	1.48E+03
0.1322	1.61E+01	1.25E+03
0.1117	1.13E+01	1.06E+03
0.0944	7.88E+00	8.95E+02
0.0797	5.46E+00	7.57E+02
0.0674	3.72E+00	6.40E+02
0.0569	2.48E+00	5.40E+02
0.0481	1.68E+00	4.57E+02
0.0407	1.12E+00	3.86E+02
0.0344	6.81E-01	3.26E+02
0.029	4.12E-01	2.76E+02
0.0245	2.71E-01	2.33E+02
0.0207	1.35E-01	1.97E+02
0.0175	8.69E-02	1.66E+02

