387.85	7.29E+05	2.32E+05
334.21	7.19E+05	2.41E+05
288.22	7.06E+05	2.50E+05
248.35	6.85E+05	2.74E+05
214.44	6.75E+05	2.58E+05
184.8	6.53E+05	2.68E+05
159.47	6.29E+05	2.78E+05
137.79	6.03E+05	2.98E+05
118.55	5.78E+05	2.91E+05
102.5	5.48E+05	3.01E+05
88.371	5.15E+05	3.10E+05
76.16	4.79E+05	3.18E+05
65.793	4.43E+05	3.26E+05
56.707	4.04E+05	3.26E+05
48.973	3.63E+05	3.26E+05
42.226	3.19E+05	3.25E+05
36.445	2.79E+05	3.16E+05
31.447	2.38E+05	3.05E+05
27.141	2.02E+05	2.88E+05
23.419	1.66E+05	2.71E+05
20.203	1.36E+05	2.50E+05
17.434	1.09E+05	2.28E+05
15.042	8.65E+04	2.07E+05
12.979	6.80E+04	1.85E+05
11.2	5.34E+04	1.65E+05
9.665	4.15E+04	1.45E+05
8.3387	3.21E+04	1.28E+05
7.1956	2.48E+04	1.12E+05
6.2093	1.91E+04	9.76E+04
5.3583	1.48E+04	8.50E+04
4.6234	1.14E+04	7.39E+04
3.9898	8.88E+03	6.43E+04
3.4427	6.94E+03	5.58E+04
2.9706	5.44E+03	4.84E+04
2.5635	4.29E+03	4.20E+04
2.212	3.40E+03	3.64E+04
1.9087	2.71E+03	3.15E+04
1.647	2.17E+03	2.73E+04
1.4212	1.75E+03	2.37E+04
1.2264	1.42E+03	2.05E+04
1.0582	1.15E+03	1.78E+04
0.9132	9.40E+02	1.54E+04
0.788	7.68E+02	1.34E+04
0.68	6.29E+02	1.16E+04
0.5867	5.12E+02	1.01E+04
0.5063	4.16E+02	8.72E+03
0.4369	3.33E+02	7.56E+03
0.377	2.66E+02	6.55E+03
0.3253	2.09E+02	5.68E+03
0.2807	1.63E+02	4.92E+03
0.2422	1.26E+02	4.26E+03
0.209	9.61E+01	3.68E+03
0.1804	7.24E+01	3.18E+03
0.1556	5.41E+01	2.75E+03
0.1343	4.00E+01	2.38E+03
0.1159	3.53E+01	2.05E+03
0.1	2.65E+01	1.77E+03
0.0873	2.06E+01	1.55E+03
0.0763	1.57E+01	1.35E+03
0.0666	1.19E+01	1.18E+03
0.0582	9.07E+00	1.03E+03
0.0508	6.77E+00	9.02E+02
0.0444	5.08E+00	7.88E+02
0.0387	3.65E+00	6.88E+02
0.0338	2.78E+00	6.01E+02
0.0296	2.02E+00	5.25E+02
0.0258	1.54E+00	4.58E+02
0.0225	1.18E+00	4.00E+02
0.0197	7.54E-01	3.49E+02
0.0172	5.34E-01	3.05E+02
0.015	4.75E-01	2.66E+02
0.0131	2.79E-01	2.32E+02
0.0115	2.46E-01	2.03E+02
0.01	1.73E-01	1.77E+02

