365.3	7.21E+05	2.40E+05
308	7.14E+05	2.42E+05
259.64	6.94E+05	2.70E+05
218.93	6.82E+05	2.53E+05
184.8	6.58E+05	2.64E+05
156.3	6.31E+05	2.75E+05
132.28	6.00E+05	2.97E+05
111.6	5.73E+05	2.91E+05
94.201	5.37E+05	3.04E+05
79.534	4.97E+05	3.17E+05
67.272	4.54E+05	3.25E+05
56.81	4.14E+05	3.22E+05
48	3.68E+05	3.23E+05
40.563	3.19E+05	3.21E+05
34.259	2.71E+05	3.12E+05
28.955	2.29E+05	2.96E+05
24.477	1.88E+05	2.77E+05
20.675	1.51E+05	2.55E+05
17.473	1.20E+05	2.32E+05
14.76	9.35E+04	2.07E+05
12.474	7.23E+04	1.83E+05
10.539	5.56E+04	1.61E+05
8.906	4.27E+04	1.40E+05
7.5248	3.28E+04	1.21E+05
6.3589	2.53E+04	1.04E+05
5.373	1.96E+04	8.95E+04
4.5402	1.55E+04	7.66E+04
3.8364	1.22E+04	6.56E+04
3.2418	9.67E+03	5.61E+04
2.7394	7.67E+03	4.82E+04
2.3148	6.22E+03	4.12E+04
1.956	5.09E+03	3.52E+04
1.6528	4.19E+03	3.01E+04
1.3966	3.47E+03	2.57E+04
1.1801	2.89E+03	2.20E+04
0.9972	2.41E+03	1.88E+04
0.8427	2.00E+03	1.60E+04
0.7121	1.67E+03	1.37E+04
0.6017	1.38E+03	1.17E+04
0.5084	1.14E+03	1.01E+04
0.4296	9.28E+02	8.62E+03
0.363	7.47E+02	7.38E+03
0.3068	5.93E+02	6.32E+03
0.2592	4.65E+02	5.40E+03
0.219	3.58E+02	4.61E+03
0.1851	2.73E+02	3.93E+03
0.1564	2.06E+02	3.34E+03
0.1322	1.53E+02	2.84E+03
0.1117	1.13E+02	2.41E+03
0.0944	8.33E+01	2.04E+03
0.0797	6.08E+01	1.73E+03
0.0674	4.42E+01	1.47E+03
0.0569	3.20E+01	1.24E+03
0.0481	2.31E+01	1.05E+03
0.0407	1.67E+01	8.89E+02
0.0344	1.20E+01	7.52E+02
0.029	8.53E+00	6.37E+02
0.0245	5.97E+00	5.38E+02
0.0207	4.03E+00	4.55E+02
0.0175	2.94E+00	3.85E+02
0.0148	2.05E+00	3.25E+02
0.0125	1.26E+00	2.75E+02
0.0106	9.81E-01	2.33E+02
0.0089	5.39E-01	1.97E+02
0.0075	4.43E-01	1.66E+02
0.0064	2.71E-01	1.41E+02
0.0054	1.85E-01	1.19E+02
0.0046	1.13E-01	1.00E+02

