3.88E+02	7.47E+05	2.23E+05
3.34E+02	7.38E+05	2.32E+05
2.88E+02	7.15E+05	2.62E+05
2.48E+02	7.14E+05	2.59E+05
2.14E+02	6.95E+05	2.56E+05
1.85E+02	6.73E+05	2.70E+05
1.59E+02	6.53E+05	2.71E+05
1.38E+02	6.27E+05	2.83E+05
1.19E+02	6.03E+05	2.82E+05
1.03E+02	5.74E+05	2.92E+05
8.84E+01	5.42E+05	3.01E+05
7.62E+01	5.08E+05	3.10E+05
6.58E+01	4.72E+05	3.17E+05
5.67E+01	4.36E+05	3.19E+05
4.90E+01	3.95E+05	3.22E+05
4.22E+01	3.54E+05	3.20E+05
3.64E+01	3.11E+05	3.17E+05
3.14E+01	2.73E+05	3.07E+05
2.71E+01	2.35E+05	2.92E+05
2.34E+01	2.00E+05	2.76E+05
2.02E+01	1.67E+05	2.59E+05
1.74E+01	1.39E+05	2.38E+05
1.50E+01	1.14E+05	2.18E+05
1.30E+01	9.36E+04	1.97E+05
1.12E+01	7.66E+04	1.77E+05
9.67E+00	6.26E+04	1.58E+05
8.34E+00	5.13E+04	1.41E+05
7.20E+00	4.25E+04	1.24E+05
6.21E+00	3.51E+04	1.10E+05
5.36E+00	2.93E+04	9.69E+04
4.62E+00	2.45E+04	8.53E+04
3.99E+00	2.07E+04	7.51E+04
3.44E+00	1.75E+04	6.61E+04
2.97E+00	1.50E+04	5.81E+04
2.56E+00	1.28E+04	5.11E+04
2.21E+00	1.11E+04	4.50E+04
1.91E+00	9.62E+03	3.96E+04
1.65E+00	8.37E+03	3.48E+04
1.42E+00	7.31E+03	3.07E+04
1.23E+00	6.41E+03	2.70E+04
1.06E+00	5.62E+03	2.38E+04
9.13E-01	4.93E+03	2.10E+04
7.88E-01	4.32E+03	1.86E+04
6.80E-01	3.78E+03	1.64E+04
5.87E-01	3.30E+03	1.45E+04
5.06E-01	2.86E+03	1.29E+04
4.37E-01	2.47E+03	1.14E+04
3.77E-01	2.11E+03	1.01E+04
3.25E-01	1.79E+03	8.91E+03
2.81E-01	1.51E+03	7.87E+03
2.42E-01	1.25E+03	6.94E+03
2.09E-01	1.03E+03	6.12E+03
1.80E-01	8.37E+02	5.38E+03
1.56E-01	6.75E+02	4.72E+03
1.34E-01	5.39E+02	4.13E+03
1.16E-01	4.28E+02	3.61E+03
1.00E-01	3.37E+02	3.15E+03
8.89E-02	2.86E+02	2.82E+03
7.90E-02	2.35E+02	2.52E+03
7.02E-02	1.92E+02	2.25E+03
6.24E-02	1.57E+02	2.01E+03
5.54E-02	1.28E+02	1.80E+03
4.92E-02	1.04E+02	1.60E+03
4.38E-02	8.45E+01	1.43E+03
3.89E-02	6.84E+01	1.28E+03
3.46E-02	5.54E+01	1.14E+03
3.07E-02	4.47E+01	1.01E+03
2.73E-02	3.61E+01	9.02E+02
2.42E-02	2.89E+01	8.03E+02
2.15E-02	2.31E+01	7.15E+02
1.91E-02	1.84E+01	6.36E+02
1.70E-02	1.47E+01	5.66E+02
1.51E-02	1.18E+01	5.03E+02
1.34E-02	9.50E+00	4.48E+02
1.19E-02	7.38E+00	3.98E+02
1.06E-02	5.89E+00	3.54E+02
9.43E-03	4.83E+00	3.15E+02
8.38E-03	3.71E+00	2.80E+02
7.44E-03	3.04E+00	2.49E+02
6.61E-03	2.40E+00	2.21E+02
5.88E-03	1.97E+00	1.97E+02
5.22E-03	1.51E+00	1.75E+02
4.64E-03	1.31E+00	1.55E+02

